00101010100011000000000011111111
00000000000000000000000000000100
10001100111111111111111111110000
00000000001010010001100000101010
00010000001000000000000000001000
01101100111000111111111111111011
00000000000000000000000000011000
10100001011010010000000000010000
01001100000000000000000000000100
00001000000000000000000000000000

01001100000000000000000000000100
00001000000000000000000000000000
00001011111111111111111111111000
00001011111111111111111111111000
00001011111111111111111111100000
00000000000000000000000000100000
